203
722
663
43
607
972
525
215
491
579
807
196
416
288
437
837
489
641
601
809
315
232
907
964
525
400
938
708
346
732
942
875
347
412
281
267
34
764
764
195
842
531
85
277
122
949
93
673
744
85
232
729
330
123
118
66
727
758
670
276
956
590
322
142
411
264
30
49
494
559
98
543
825
867
519
280
934
777
838
825
209
799
732
225
996
122
922
905
701
150
272
424
370
185
194
608
287
508
186
297
407
143
437
127
566
256
82
346
767
656
92
658
249
618
841
509
780
369
772
807
218
901
589
437
272
337
183
286
715
404
722
998
128
930
7
103
108
62
377
375
698
142
987
241
771
619
380
520
647
724
983
943
433
478
919
382
57
410
584
690
931
139
585
444
261
922
581
124
382
448
16
882
738
311
799
848
882
445
928
231
896
814
481
829
192
189
636
752
506
176
272
914
675
869
699
193
947
772
251
161
290
426
100
168
804
254
979
829
116
565
9
782
524
13
540
869
746
271
631
439
262
814
714
561
552
655
844
767
582
68
172
882
123
25
920
972
571
345
76
891
267
645
532
792
406
387
157
732
802
600
549
110
58
242
499
75
340
76
185
506
681
822
270
291
973
416
584
795
876
259
846
454
397
916
860
210
835
470
488
996
526
795
977
642
393
406
303
284
900
208
621
751
489
446
203
920
724
91
992
241
371
879
13
963
741
459
141
392
935
128
152
819
89
356
591
879
199
968
137
577
900
872
732
930
65
967
704
341
507
183
437
306
59
738
332
20
303
921
83
957
837
942
594
516
303
191
963
744
370
242
575
404
968
479
899
39
6
327
9
470
80
423
426
705
680
745
25
23
486
719
115
526
385
812
675
331
860
769
394
458
380
345
67
11
669
434
660
801
827
392
177
656
142
880
203
963
160
854
622
135
760
563
920
991
193
662
132
308
468
718
335
737
849
673
74
897
365
852
365
389
909
280
101
38
817
701
605
595
956
382
704
352
584
8
782
963
926
952
932
996
75
400
838
632
14
510
752
394
445
594
946
823
176
985
289
212
301
746
666
238
298
389
882
94
442
947
713
815
598
118
774
69
989
534
371
596
598
156
688
794
546
319
981
930
263
264
617
110
150
524
104
744
910
279
914
165
138
215
446
318
197
116
837
29
254
129
827
353
670
183
607
773
22
855
244
875
254
178
169
368
904
127
363
236
691
359
170
369
180
241
856
510
206
653
398
55
458
647
601
586
10
378
473
720
423
887
587
949
146
289
676
191
183
117
365
527
694
859
55
495
36
811
604
801
766
935
917
159
93
492
49
676
573
131
98
285
375
898
252
454
511
474
935
477
823
492
652
565
418
181
853
122
406
532
332
979
184
868
109
273
515
290
128
122
299
245
614
690
308
900
181
967
16
328
62
448
653
576
516
834
996
283
631
926
550
46
126
201
273
305
787
857
288
520
409
553
721
675
336
346
640
418
145
711
385
353
541
51
379
284
407
473
975
863
930
567
392
949
893
55
260
691
924
811
536
39
872
13
731
234
366
65
457
32
116
352
143
864
352
106
694
748
219
718
824
215
802
537
32
933
358
41
598
332
649
540
32
901
129
354
220
735
298
532
945
456
227
367
38
793
298
361
618
293
259
63
331
645
395
608
866
395
260
274
107
601
961
503
530
902
73
443
105
452
840
173
838
721
201
271
377
919
8
324
467
194
675
902
835
150
665
225
634
35
771
511
182
182
231
568
659
757
307
533
165
862
598
186
395
468
786
870
621
879
190
728
582
200
112
495
596
14
263
678
668
735
343
915
763
823
902
667
943
726
651
35
157
809
238
253
91
287
10
77
885
70
855
175
341
298
349
360
699
657
35
877
124
918
477
499
127
615
755
324
323
565
782
571
204
1
589
236
724
773
622
595
534
862
97
183
813
20
862
675
851
819
927
601
247
113
807
195
790
484
58
767
33
463
238
366
111
65
583
442
585
307
873
786
443
420
590
883
43
811
383
532
850
879
143
702
839
646
820
766
291
17
822
41
111
416
922
523
897
807
256
571
926
100
79
71
761
292
355
991
857
170
141
385
49
811
193
200
249
609
173
129
274
281
357
869
607
291
363
796
607
966
947
892
790
845
61
341
819
82
20
328
725
29
155
796
318
546
63
44
26
292
416
88
208
449
33
703
895
164
671
78
748
825
782
383
23
857
638
353
710
898
916
896
129
33
509
393
365
287
870
693
28
382
904
255
401
54
535
171
865
808
657
860
189
918
363
282
516
300
134
215
365
512
865
573
